1
20
Calculus 1 0 10000000000000000001 0
2
3 3 50 0 3 90 95 100
0 3 1000 1 1 85
Physics 1 0 10000000000000000002 0
2
3 3 50 0 2 60 70
0 3 1000 1 0
English 1 1 10000000000000000003 0
1
3 2 50 0 4 5 4 5 5
History 1 0 10000000000000000004 0
1
3 1 50 0 3 10 11 12
Databases 1 0 10000000000000000005 0
3
3 0 50 0 2 8 9
2 0 200 0 1 9
1 0 500 1 0
Programming_Cpp 1 0 10000000000000000006 0
4
3 3 50 0 3 100 100 95
2 3 200 0 1 98
1 3 500 1 1 95
0 3 1000 1 1 92
Algorithms 1 0 10000000000000000007 0
2
3 3 50 0 2 70 80
0 3 1000 1 1 40
Philosophy 1 0 10000000000000000008 0
2
3 2 50 0 1 4
2 2 200 0 1 5
Discrete_Math 1 0 10000000000000000009 0
2
3 1 50 0 4 8 9 10 11
0 1 1000 1 1 10
Linear_Algebra 1 0 10000000000000000010 0
2
3 3 50 0 1 75
2 3 200 0 0
PE 1 0 10000000000000000011 0
1
3 2 50 0 5 5 5 5 5 5
Ecology 1 0 10000000000000000012 0
1
3 1 50 0 3 2 3 4
Web_Dev 1 0 10000000000000000013 0
3
3 3 50 0 2 85 90
2 3 200 0 1 100
1 3 500 1 1 95
OS 1 0 10000000000000000014 0
2
3 0 50 0 3 7 8 9
0 0 1000 1 1 8
Networking 1 0 10000000000000000015 0
2
3 3 50 0 3 80 80 80
0 3 1000 1 0
Soft_Eng 1 1 10000000000000000016 0
3
3 3 50 0 0
2 3 200 0 0
1 3 500 1 0
UI_UX 1 0 10000000000000000017 0
2
3 1 50 0 2 11 12
2 1 200 0 1 12
Security 1 0 10000000000000000018 0
2
3 3 50 0 4 90 95 99 100
0 3 1000 1 1 95
AI 1 0 10000000000000000019 0
2
3 3 50 0 2 70 75
1 3 500 1 1 30
ML 1 0 10000000000000000020 0
2
3 0 50 0 2 9 10
0 0 1000 1 1 9